	
	
Hole 1
	192
	142
	110
	071
Hole 2
	181
	150
	113
	063  
	039  
	029  GS10
Hole 3
	035  
	025  GS10
Hole 4
	202
	159
	109  Right
	081
	026  GS10
Hole 5
	243
	194
	164
	119
	074  
	035  
	024  GS10
Hole 6
	366
	316
	285
	244
	194
	151
	117
	082  Right
Hole 7
	233
	203
	170
	124
	083
	038  
	025  GS10
Hole 8
Hole 9
	341
	285
	234
	202
	162
	118
	086  
	054  
	026  GS10
Hole 10
	214
	176
	128
	081
	037  
	026  GS10
Hole 11
	197
	153
	102
	047  
	025  GS10
Hole 12
	385
	350
	309
	252
	209
	174
	139
	103
	049  
	018  GS10
Hole 13
	028  GS10
Hole 14
	328
	296
	266
	237
	202
	154
	112
	077
	043  
	024  GS10
Hole 15
	237
	187
	149
	117
	073  
	034  
	024  GS10
Hole 16
	221
	185
	125
	082  
	037  
Hole 17
	025  GS10
Hole 18
	204
	167
	123
	074  
	033  
	
	
